3023.3247557600916480
15213.1014012261712196
9494.2253594225385314
4117.7201812865432657
2234.7407240800962427
13495.5950044776564027
1533.4915382320175468
1200.1334030388136398
13558.4368417566201970
6624.1624463481903149
4816.7908965282340432
5495.8492702883186212
5322.6987473632498222
6293.9277200709875615
2590.9280209331859623
531.7248349087988117
2020.6146565146182184
1675.5007693209445279
16572.5153631414868869
12078.4396396036117949
4108.8464363934353969
4226.4716395426803501
2073.3017275901479479
6331.7867488181154840
4472.4182986378409623
5204.4619656092254445
7707.5922242033657312
3326.5853269865833681
3470.3454796498845099
1108.9391761675979069
2247.7021120449658156
3760.4963664399674599
18773.5967857670948433
6317.3915746910233793
4583.0801172098617826
2888.7389642878915765
3646.1978959520711214
963.7366471716145497
17206.2056720007167314
7678.9528820275754697
4147.7583247549864609
3511.7988853435172132
14105.7927676386207168
11606.6287954913623253
8419.9425788723838195
882.1430754061468633
463.5101512292321786
4479.7755454748521515
2243.1104905906008753
6338.4407597109011476
5287.7095072156162132
2937.4970297193303850
4394.9693180589010808
4220.6491138132414562
3719.2224325290590059
3902.8136108870053249
1169.8174053713280500
511.0128822427419664
2372.4145888998623377
10723.5222712045870139
3078.8928285107108422
6348.4777836167959322
1034.1025620544528465
13590.9352429332811880
188.9572478501646060
459.5253284682454478
2908.3039041497991093
1618.2419345419391448
1121.5946632424954714
1453.1531800528900931
3797.8584020976722968
10382.8600818634477037
9480.6821820907189249
4030.6572924396477902
1751.9676183123922328
5667.1523397669188853
6386.1203944051785584
7377.8421296020751470
2249.8964430430337416
1611.1349897766710910
13557.5726647816118202
2250.6706112395786477
4261.7607685300090452
8823.4434430920337036
873.7351093057567368
5424.7737150074290184
544.7915884218455176
7302.0216144132282352
15705.8428873277880484
4544.6724959849889274
3320.4382404612506434
4524.1096771712609552
1016.6712980937278417
7064.9438812270818744
6678.8686652038968532
3845.9898887765225481
2482.8813546789451721
3289.0091292442207305
6892.4944093943613552
5953.9940389164175940
